version https://git-lfs.github.com/spec/v1
oid sha256:031421502eaf25deb64b00cea954d5b3b163bafe16aa8141e01e6fcd704a8dc5
size 48207
