version https://git-lfs.github.com/spec/v1
oid sha256:6979405b8ff8f3c6b97eab1dd699ead082c09a4e9bbf2cfa21607c9059b8137b
size 41569
